672 219
624 629
962 830
519 61
659 963
174 975
771 188
815 702
305 72
646 197
989 451
906 536
33 775
635 941
228 403
811 914
418 948
47 588
686 515
72 838
821 132
300 160
723 988
383 856
333 774
353 313
402 646
384 640
901 164
284 33
694 615
642 729
21 521
361 357
116 989
760 38
356 449
967 987
718 729
112 778
54 736
136 601
364 613
310 970
378 883
993 171
798 333
103 410
327 582
756 739
864 616
496 946
372 310
341 671
621 880
36 826
323 908
936 396
285 310
902 669
470 184
692 914
315 786
652 896
939 185
677 381
352 694
249 643
878 941
985 755
113 695
490 380
109 95
109 242
629 774
247 717
320 841
598 661
656 716
607 2
388 142
238 707
725 427
420 571
762 865
486 791
669 579
752 442
933 617
889 652
312 942
343 947
78 812
230 527
243 950
621 612
210 138
458 973
575 750
723 683
112 937
216 485
545 281
976 842
450 981
590 901
967 667
183 776
523 114
409 257
456 870
717 121
63 702
273 738
725 365
253 539
937 575
595 555
462 145
886 762
736 763
229 529
994 79
180 11
791 874
433 137
430 465
886 403
426 97
816 573
703 554
862 491
94 275
812 360
251 631
594 811
702 996
554 38
176 622
848 561
502 281
115 384
56 263
895 505
567 338
384 501
949 998
710 200
101 907
838 48
184 434
548 536
949 455
38 426
721 609
213 510
518 606
461 786
142 486
85 900
959 45
411 512
637 993
232 439
383 789
685 960
433 776
930 859
739 535
27 9
516 682
464 215
825 524
568 902
668 555
162 977
554 865
716 833
360 424
825 434
288 486
656 885
572 553
816 307
222 678
142 182
478 611
621 62
370 235
345 363
697 948
392 877
720 499
652 74
615 99
61 736
66 755
185 796
337 870
75 319
693 55
398 181
577 792
554 348
259 744
127 76
752 100
403 84
779 78
145 663
167 38
258 287
948 737
802 427
242 941
314 10
968 880
442 46
188 279
974 460
146 156
294 426
313 319
778 634
533 676
571 24
29 904
564 178
876 646
251 687
309 660
954 511
277 786
390 817
194 818
454 361
771 437
69 408
488 406
508 112
698 875
515 765
219 280
672 658
471 735
541 333
540 797
112 362
54 275
978 903
153 784
873 190
146 868
547 163
822 132
822 991
892 329
654 376
269 147
293 150
886 121
763 330
419 586
349 700
121 774
728 650
229 579
423 131
396 721
869 666
793 484
529 784
396 944
9 706
243 734
477 669
853 683
460 567
630 832
638 348
566 715
829 172
445 225
349 700
817 918
296 538
1000 978
105 360
813 111
813 171
248 201
174 174
170 827
315 881
108 573
817 119
182 157
695 85
222 356
365 494
270 409
118 262
278 887
426 306
574 832
46 738
972 271
290 913
526 272
835 770
207 584
270 179
182 329
584 197
322 931
287 579
606 973
536 788
566 698
398 56
284 836
81 671
198 931
637 18
228 13
67 913
268 238
314 878
960 783
65 627
846 248
668 38
284 530
47 682
572 227
149 417
282 829
338 468
358 77
279 104
784 63
133 209
386 86
880 551
395 64
480 804
399 885
48 183
241 486
298 526
57 98
881 366
720 746
252 705
990 504
731 851
575 348
360 940
250 196
479 569
654 736
719 531
856 589
641 862
933 301
498 830
767 527
346 821
37 148
775 944
784 716
81 569
845 763
265 655
385 876
793 307
604 677
547 385
494 163
846 741
949 561
246 719
308 73
445 360
518 597
439 781
529 850
985 736
483 773
129 461
212 636
392 838
799 73
887 572
631 378
960 346
653 948
362 785
404 143
755 773
115 724
344 658
744 207
120 647
71 977
876 115
705 899
182 451
65 581
397 30
888 456
870 40
114 824
880 532
762 10
372 503
834 976
276 426
535 821
537 400
1 638
264 731
180 388
94 670
417 144
411 741
59 582
105 819
591 238
686 22
696 563
569 320
24 351
546 747
755 352
685 374
300 749
263 959
631 256
377 634
972 98
534 555
171 205
261 313
175 644
273 928
158 563
954 693
583 406
259 755
998 378
813 861
833 312
755 490
49 695
909 999
954 647
581 52
384 824
122 732
754 199
255 12
972 537
25 245
720 661
20 487
145 714
671 534
988 682
232 487
709 567
301 424
417 762
817 623
378 998
958 178
631 575
360 699
888 971
757 480
782 299
564 788
474 491
390 374
537 408
285 108
926 972
232 554
750 318
24 637
852 54
522 204
259 191
73 970
466 959
786 593
531 94
940 946
973 211
204 719
67 806
690 253
931 699
33 740
794 321
951 476
570 239
635 641
596 755
292 498
243 780
969 298
402 768
191 670
414 446
741 519
140 475
433 85
678 433
332 693
446 270
200 197
495 618
133 982
162 551
366 905
127 111
652 474
970 974
721 267
366 315
154 588
264 634
39 627
612 919
69 468
455 682
629 713
864 137
504 762
214 128
253 870
573 337
109 412
522 659
499 303
107 37
334 599
747 802
856 486
999 280
463 502
284 467
515 933
483 251
603 12
532 367
326 214
29 635
251 552
923 216
825 697
916 787
992 723
354 401
142 813
908 392
42 201
538 453
138 998
751 309
849 806
32 253
667 834
886 266
40 785
331 153
384 745
165 897
900 908
911 58
985 883
143 951
532 621
906 632
29 659
212 794
602 335
713 616
99 159
193 460
938 178
812 532
387 588
111 62
562 803
426 66
335 347
389 93
982 107
666 566
942 916
710 696
442 367
979 865
602 36
764 734
946 784
58 176
449 796
857 344
559 727
204 2
171 792
218 626
695 571
636 587
83 109
890 413
458 336
752 934
989 800
265 671
861 237
478 76
271 578
772 988
694 520
140 429
99 654
28 191
989 698
738 672
45 884
239 475
271 284
813 381
698 159
20 48
885 664
799 723
61 316
940 812
256 31
152 391
435 311
909 326
47 989
881 685
238 11
515 235
1000 633
601 233
10 997
787 715
413 502
179 134
474 404
297 724
767 328
591 147
571 172
219 665
945 584
438 644
99 666
76 57
727 100
983 842
997 499
238 310
656 610
534 925
207 358
388 724
678 148
159 712
912 639
706 560
588 539
98 614
297 724
958 115
633 1
744 269
712 929
627 907
844 246
47 497
126 221
699 267
336 723
803 264
965 701
530 138
275 289
47 138
898 644
358 815
271 187
958 461
478 528
918 745
146 460
759 542
680 448
229 797
276 445
780 567
859 956
778 407
488 823
869 576
540 602
72 318
86 116
954 810
596 354
570 475
55 606
264 164
784 523
129 782
656 313
310 519
406 519
695 221
850 166
534 355
122 572
253 768
567 422
359 356
530 390
317 789
272 414
419 581
426 888
290 313
86 871
935 625
192 623
275 601
402 284
861 898
744 29
582 108
700 861
259 445
226 9
506 26
522 803
559 971
972 448
623 851
397 115
13 850
250 39
941 920
990 2
999 769
337 596
685 470
351 97
758 417
56 640
226 936
587 515
102 1
492 643
867 942
790 760
727 882
912 359
328 225
602 855
215 1000
94 166
557 89
687 807
755 181
173 553
496 594
8 459
838 855
190 2
224 779
796 627
828 595
672 325
662 468
941 874
76 924
147 806
354 470
632 589
789 609
858 30
888 383
98 875
529 297
405 704
716 960
823 808
867 44
435 179
1 484
949 671
494 928
974 788
937 58
155 15
191 156
528 676
458 973
161 557
179 880
99 959
200 643
881 795
367 92
424 502
1000 139
99 716
151 45
71 751
681 865
803 869
102 863
197 827
134 722
737 216
652 986
89 76
111 67
388 561
41 365
379 594
424 992
286 40
130 37
296 137
933 945
798 714
862 45
986 935
742 836
88 192
220 552
916 961
573 617
425 515
546 95
97 568
627 537
100 151
519 66
443 937
627 129
628 337
529 733
409 774
141 144
588 629
3 271
640 489
93 691
89 908
970 810
76 725
16 961
782 667
504 300
405 369
162 459
329 700
254 316
515 201
83 115
564 964
981 378
34 473
912 630
419 951
185 626
168 504
363 528
292 895
927 117
319 723
213 70
646 552
488 179
652 497
958 805
834 178
531 737
194 771
275 631
452 903
902 160
808 706
388 1000
453 701
55 114
77 588
652 757
438 469
885 518
789 874
22 534
682 840
429 447
972 447
377 256
511 32
136 110
485 706
199 883
230 578
165 373
790 634
309 36
368 723
709 288
761 227
682 150
938 450
895 43
215 433
568 616
589 51
24 547
920 84
875 119
972 626
140 237
94 176
122 119
681 861
47 788
871 837
178 442
542 558
485 48
785 95
656 623
696 931
269 81
295 466
153 912
538 330
363 849
626 412
379 595
466 351
496 129
995 614
652 991
990 236
193 828
16 578
31 320
578 413
717 382
953 573
84 418
876 764
819 347
872 556
97 726
960 550
206 406
337 958
239 166
188 25
981 314
601 803
770 417
166 543
435 229
324 307
975 627
548 519
379 902
344 354
457 838
957 176
907 949
188 601
865 825
945 449
767 287
735 300
708 490
400 837
517 924
416 121
335 58
176 205
641 530
628 312
809 127
553 717
190 789
42 850
280 818
669 927
371 652
759 577
407 784
85 600
397 36
139 184
926 763
396 217
129 845
783 271
898 594
753 203
782 758
935 852
907 76
757 630
613 572
792 949
355 41
494 601
568 748
502 609
795 720
427 883
79 81
574 710
851 121
45 4
536 477
127 24
250 264
183 529
480 624
395 952
46 27
7 646
263 872
827 948
578 69
883 303
479 489
35 513
182 967
443 523
840 28
853 706
897 909
704 306
365 35
435 261
562 520
283 553
112 850
216 429
368 503
738 656
208 758
67 244
415 898
293 119
721 468
216 228
418 914
548 641
47 236
782 939
677 384
810 286
763 133
92 107
565 444
211 107
69 557
149 888
486 399
881 514
471 456
959 709
163 818
245 217
455 15
547 964
102 656
380 383
660 282
498 144
792 544
20 662
421 188
837 664
201 528
478 249
948 93
894 680
126 9
82 561
414 395
930 341
73 823
990 367
336 940
759 455
84 769
376 296
632 226
329 228
184 318
294 644
341 896
466 164
506 128
529 252
709 187
229 652
730 854
739 331
221 721
370 831
978 484
719 499
14 760
928 624
278 880
776 220
897 89
992 980
80 215
402 507
626 363
576 763
902 632
217 210
707 23
380 738
41 310
969 349
261 709
659 156
207 511
533 230
76 939
360 830
993 269
915 250
717 402
487 706
129 202
870 764
410 952
512 427
369 273
578 746
344 783
181 662
778 420
566 332
986 856
703 713
991 68
322 66
631 282
840 137
714 91
184 234
186 901
440 369
193 710
244 136
770 995
780 457
413 533
918 71
920 714
480 279
169 830
862 433
755 275
279 73
618 892
802 291
944 56
574 424
481 517
172 791
442 613
340 534
274 179
548 526
120 180
2 378
605 426
58 636
565 554
584 314
515 898
206 997
782 367
873 833
70 698
548 682
541 491
620 526
379 985
788 673
695 357
101 470
628 353
310 41
98 753
983 51
754 458
597 351
463 937
609 3
168 87
726 881
12 951
459 957
776 598
341 528
323 48
807 970
250 951
443 992
612 565
674 702
807 825
248 480
688 188
435 819
819 477
211 851
92 923
343 871
154 782
877 632
930 709
255 814
168 136
9 346
371 718
66 69
833 641
661 193
504 14
670 406
805 65
181 745
916 509
200 283
324 710
989 971
900 188
754 956
621 647
895 595
555 294
646 420
22 328
748 689
105 787
99 749
765 838
141 678
21 662
27 895
814 592
552 575
11 94
681 523
318 664
414 188
109 450
678 285
978 700
427 499
52 242
168 803
606 841
217 387
383 35
541 612
357 512
612 901
183 916
65 654
52 321
355 255
229 388
458 997
764 686
479 352
810 896
279 19
506 987
275 523
827 553
228 476
490 230
888 560
556 859
186 741
737 836
954 696
9 965
493 719
732 419
776 673
88 753
50 843
622 15
593 986
219 672
661 540
720 800
401 824
722 24
517 225
280 30
139 685
260 255
188 622
569 572
676 912
40 589
219 555
628 142
803 555
989 902
965 432
753 592
396 70
631 799
606 929
138 639
997 303
371 133
771 720
803 699
935 719
263 561
686 949
62 807
806 660
737 153
136 172
650 333
121 65
675 728
765 743
207 511
453 992
199 990
181 661
83 766
611 390
186 777
863 241
426 819
859 837
992 189
723 108
56 597
666 40
793 428
449 679
151 816
691 295
444 561
801 194
151 673
203 930
200 34
209 432
359 397
623 18
389 768
632 488
555 928
118 706
414 602
813 91
47 100
299 995
697 648
744 774
27 153
943 377
739 676
818 611
669 961
375 286
728 943
250 682
95 36
432 723
72 173
213 981
476 151
512 420
210 541
498 695
273 415
663 734
347 704
29 900
386 682
514 405
33 176
275 187
784 638
190 490
899 118
891 804
401 395
928 122
703 861
851 742
133 577
999 766
126 125
552 650
425 118
881 759
521 925
942 488
675 611
160 980
481 916
199 846
53 492
372 288
936 71
565 825
34 345
877 308
339 903
929 471
263 411
143 442
785 109
289 461
709 612
975 758
306 431
365 884
353 46
272 210
990 812
951 119
778 9
824 236
41 371
890 355
179 719
344 800
64 802
877 97
679 574
22 762
564 727
71 815
263 729
46 627
482 925
843 655
580 81
370 56
974 565
879 273
482 758
938 318
117 970
828 308
453 995
336 448
566 490
382 909
5 361
662 617
768 432
134 506
525 45
752 351
641 498
609 439
728 815
622 551
326 612
402 78
3 998
175 677
533 613
475 418
808 412
788 559
632 758
143 734
476 702
64 144
178 657
381 109
600 622
892 596
74 140
211 903
796 274
588 41
351 750
79 230
368 497
358 393
10 364
838 886
702 482
405 956
503 489
471 837
971 143
846 368
971 474
186 265
979 619
787 661
59 496
21 892
128 378
78 728
938 9
656 77
753 157
701 150
88 288
565 71
522 67
452 12
449 620
780 136
374 30
116 506
333 56
611 169
83 688
854 425
448 658
90 968
862 658
784 12
742 82
73 293
518 178
434 358
8 218
427 839
264 188
243 962
456 857
64 55
43 232
104 771
7 770
540 315
637 279
780 231
209 848
88 902
479 113
274 858
11 658
783 292
680 793
385 198
362 390
198 752
940 287
468 244
332 873
743 249
466 470
756 943
299 231
66 411
495 90
770 479
949 273
181 614
741 362
499 858
778 510
102 649
308 949
214 799
319 580
608 207
926 943
282 66
53 3
475 160
878 15
145 434
729 479
923 13
765 499
937 430
701 29
663 42
330 811
187 308
88 279
273 707
551 916
971 459
716 331
812 117
487 204
959 829
777 275
397 313
935 112
368 348
649 160
822 172
858 864
55 836
378 204
602 655
23 599
74 843
906 285
462 453
361 460
25 758
128 202
392 142
217 562
346 355
756 765
251 574
556 231
782 373
59 455
201 777
171 233
298 891
878 644
513 681
188 612
182 272
965 119
637 70
406 299
502 972
296 88
728 694
735 245
197 871
442 225
24 38
890 304
916 40
208 53
11 543
116 542
141 418
835 684
905 100
635 651
698 554
979 908
473 945
582 35
447 883
677 600
800 882
880 395
675 991
969 514
426 782
104 768
991 774
965 360
620 542
582 754
804 699
946 257
346 28
367 304
453 164
458 592
61 936
417 129
451 306
245 28
922 139
597 201
875 308
168 643
365 633
785 640
404 593
827 282
375 936
406 305
778 667
193 77
448 705
273 719
572 208
637 111
492 990
663 728
383 663
793 428
630 241
142 109
132 724
847 593
173 67
379 683
394 494
72 933
202 352
667 240
99 323
311 519
574 492
920 324
533 865
105 81
624 302
477 280
479 487
180 354
262 988
267 417
737 700
410 195
524 822
359 78
204 389
395 783
424 436
178 227
375 232
520 190
152 610
200 627
173 345
772 86
78 929
869 90
794 427
397 524
897 472
342 186
835 437
34 856
297 937
453 86
605 988
726 66
727 573
784 526
419 579
210 662
787 566
143 959
162 174
890 330
431 183
389 102
123 171
450 934
209 35
31 974
921 398
751 844
253 884
614 533
120 913
106 927
226 933
6 577
482 636
972 40
751 434
325 820
805 641
341 390
553 134
817 545
570 397
396 579
876 524
827 77
866 639
479 961
450 555
155 27
3 244
742 380
16 377
730 647
352 139
40 469
573 332
544 393
544 905
58 905
636 751
844 3
532 695
254 580
245 523
404 108
605 753
425 826
103 930
487 292
897 169
359 293
283 463
25 546
481 787
676 278
866 150
326 698
78 930
92 728
786 543
695 456
262 847
763 10
126 676
588 168
685 694
134 257
338 796
906 622
1 311
862 619
957 353
669 695
894 373
298 512
672 960
498 145
660 13
145 365
981 873
118 26
810 808
884 260
815 211
244 761
551 326
330 457
402 768
594 129
392 416
48 929
413 313
642 622
582 109
595 458
241 50
16 574
77 914
393 110
838 989
772 500
707 686
63 704
126 684
439 442
748 252
832 965
898 684
635 594
390 772
256 822
214 946
6 311
589 751
597 285
298 457
587 568
688 567
631 420
317 260
174 504
621 850
421 741
363 287
662 781
687 128
123 300
592 911
339 160
725 942
864 904
906 909
429 746
935 595
314 164
129 690
64 846
439 485
760 207
147 299
696 334
744 897
75 248
799 327
534 762
722 952
862 536
754 819
460 773
599 980
564 405
312 722
505 2
330 450
430 833
574 528
314 209
836 472
468 421
525 330
509 45
750 336
532 861
626 791
597 52
648 336
819 655
332 656
846 425
654 18
61 147
296 438
350 102
587 517
75 157
947 314
779 249
895 825
849 858
899 245
694 406
525 256
26 45
192 491
979 13
525 107
522 679
554 646
195 243
134 936
801 525
83 149
797 924
482 58
446 67
510 182
4 460
843 163
975 454
985 287
912 792
258 810
349 270
19 59
514 508
209 923
516 470
337 397
557 694
243 221
394 788
806 454
783 235
848 827
51 593
940 326
809 166
644 721
43 472
799 865
825 595
611 822
667 44
949 307
252 130
693 664
229 245
707 927
3 813
55 187
189 288
187 772
585 918
941 132
666 59
509 739
858 26
582 288
106 718
408 104
407 467
24 122
120 788
711 853
708 105
646 673
283 104
540 102
753 12
152 600
96 519
943 702
622 994
797 552
162 265
594 774
706 637
4 446
876 149
634 278
325 96
424 670
151 423
794 654
486 844
502 31
980 307
571 416
183 16
423 902
621 480
750 449
212 419
772 263
52 894
467 958
842 966
840 720
928 396
543 700
382 820
346 568
276 383
236 292
478 784
900 30
782 407
494 474
280 880
62 902
284 55
954 149
666 237
939 989
252 518
264 155
278 919
123 892
11 951
804 31
929 963
303 826
132 199
758 792
795 242
133 800
869 326
719 957
936 678
601 851
723 125
682 454
548 517
804 122
507 236
945 214
439 911
478 300
67 217
802 890
590 308
190 421
858 959
812 317
571 731
717 378
430 583
815 818
562 69
688 858
817 848
615 880
917 330
269 456
75 266
405 655
443 519
715 292
974 268
454 373
64 317
404 334
462 156
590 541
708 564
672 378
441 291
459 800
488 532
80 663
514 716
277 252
60 826
728 939
99 226
182 689
719 62
168 935
654 633
60 58
695 674
136 724
568 934
362 835
870 124
77 25
849 45
140 182
884 551
447 170
281 564
581 562
275 769
135 92
765 741
129 803
405 921
625 447
428 371
26 652
92 960
416 386
453 883
717 2
776 194
820 179
640 276
410 223
679 636
423 778
151 444
945 917
62 843
615 744
567 718
404 520
142 121
91 439
365 339
56 321
378 30
497 433
118 808
671 377
325 119
217 246
369 683
125 229
583 958
855 72
117 170
161 443
74 656
930 313
413 915
276 218
136 169
105 987
253 875
24 635
721 122
58 807
368 1
912 162
810 289
768 272
937 169
906 602
665 810
188 71
589 235
755 112
248 524
154 49
841 787
750 419
522 190
382 546
157 982
238 640
884 910
92 827
54 345
350 65
906 446
292 521
590 533
786 644
253 620
342 465
245 47
630 710
1 856
1 600
171 66
487 68
172 212
847 793
275 851
932 292
235 763
837 984
221 663
474 159
456 396
511 639
442 828
281 193
787 678
935 667
310 560
89 466
222 414
525 134
776 429
802 91
965 927
612 985
136 257
560 636
630 945
349 678
979 703
864 55
121 480
642 818
304 590
972 650
301 723
553 562
751 444
818 634
295 451
248 741
92 43
147 671
790 93
693 65
652 843
49 140
870 970
838 209
306 452
14 811
155 238
378 797
440 793
986 22
806 72
696 380
593 294
20 968
876 488
732 919
10 502
720 671
516 193
201 895
329 28
429 189
145 520
531 287
157 731
184 458
293 461
552 579
408 532
147 531
994 370
682 244
752 431
44 576
858 921
354 126
792 959
728 617
589 277
179 741
403 441
834 636
634 756
900 615
957 95
8 305
932 194
664 31
833 342
798 230
318 874
890 866
357 891
832 933
112 435
447 52
170 642
498 221
301 887
574 812
113 656
253 491
400 640
265 994
883 173
103 942
699 884
873 812
233 285
396 917
10 825
474 420
284 209
546 181
926 177
905 410
601 728
125 222
670 57
928 231
571 688
166 902
733 88
858 663
544 505
228 582
706 125
273 793
631 74
424 186
778 86
480 307
212 260
848 833
226 997
918 723
3 724
701 182
746 7
624 668
164 881
368 294
630 816
249 572
316 36
765 203
690 453
332 497
990 704
374 113
305 506
723 698
243 567
471 187
332 785
372 330
381 192
130 114
921 961
200 66
933 927
871 702
862 757
838 656
557 725
204 109
767 982
413 870
984 689
680 186
249 341
410 630
27 572
497 131
649 215
642 183
694 890
675 138
677 869
871 68
112 353
476 347
389 423
392 38
283 235
956 15
930 160
799 391
596 459
543 656
387 500
810 389
210 336
409 546
474 378
522 249
508 760
302 323
723 92
170 612
861 695
314 552
359 469
144 922
974 475
132 494
573 692
127 549
945 689
776 47
405 420
614 561
260 480
418 653
688 959
307 535
186 289
858 817
969 851
261 157
719 774
729 946
222 744
901 521
247 553
46 617
967 569
223 681
924 970
824 302
225 982
470 797
44 905
90 149
305 47
474 1000
971 743
492 250
485 837
269 368
188 723
953 767
495 549
937 656
31 927
700 264
591 449
177 169
964 222
332 381
535 396
638 559
476 97
683 34
491 147
261 398
395 946
141 386
42 937
625 322
625 6
295 265
986 916
603 593
